function Z=Q
E = [0	9	9	9	6	6	6	6	3	3	3	3;
0	0	9	9	6	6	6	6	3	3	3	3;
0	0	0	9	6	6	6	6	3	3	3	3;
0	0	0	0	6	6	6	6	3	3	3	3;
0	0	0	0	0	4	4	4	2	2	2	2;
0	0	0	0	0	0	4	4	2	2	2	2;
0	0	0	0	0	0	0	4	2	2	2	2;
0	0	0	0	0	0	0	0	2	2	2	2;
0	0	0	0	0	0	0	0	0	1	1	1;
0	0	0	0	0	0	0	0	0	0	1	1;
0	0	0	0	0	0	0	0	0	0	0	1;
0	0	0	0	0	0	0	0	0	0	0	0]
M =[ 0	-9	-6	-6	-6	-6	-3	-3	-3	-9	-9	-9;
0	0	-6	-6	-3	-3	-6	-6	-9	-3	-9	-9;
0	0	0	-6	-3	-6	-3	-6	-9	-9	-9	-9;
0	0	0	0	-3	-3	-6	-3	-9	-6	-9	-9;
0	0	0	0	0	-6	-3	-3	-9	-6	-9	-9;
0	0	0	0	0	0	-6	-3	-9	-6	-9	-6;
0	0	0	0	0	0	0	-3	-9	-9	-9	-9;
0	0   0   0   0   0   0 	0	-9	-6	-3	-9;
0   0   0   0   0   0   0   0   0   -9	-9	-9;
0   0   0   0   0   0   0   0   0   0	-9	-6;
0   0   0   0   0   0   0   0   0   0   0	-3;
0   0   0   0   0   0   0   0   0   0   0	0]
P = [0	9	9	9	6	6	6	3	6	3	3	3;
0	0	9	9	6	6	6	3	6	3	3	3;
0	0	0	9	6	6	6	3	6	3	3	3;
0   0	0	0	6	6	6	3	6	3	3	3;
0	0	0	0	0	4	4	2	4	2	2	2;
0	0	0	0	0	0	4	2	4	2	2	2;
0	0	0	0	0	0	0	2	4	2	2	2;
0	0	0	0	0	0	0	0	4	2	2	2;
0	0	0	0	0	0	0	0	0	2	2	2;
0	0	0	0	0	0	0	0	0	0	1	1;
0	0	0	0	0	0	0	0	0	0	0	1;
0	0	0	0	0	0	0	0	0	0	0	0]
I = [0	1	1	1	2	2	2	2	3	3	3	3;
0	0	1	1	2	2	2	2	3	3	3	3;
0	0	0	1	2	2	2	2	3	3	3	3;
0	0	0	0	2	2	2	2	3	3	3	3;
0	0	0	0	0	4	4	4	6	6	6	6;
0	0	0	0	0	0	4	4	6	6	6	6;
0	0	0	0	0	0	0	4	6	6	6	6;
0	0	0	0	0	0	0	0	6	6	6	6;
0	0	0	0	0	0	0	0	0	9	9	9;
0	0	0	0	0	0	0	0	0	0	9	9;
0	0	0	0	0	0	0	0	0	0	0	9;
0	0	0	0	0	0	0	0	0	0	0	0
]
A = 0.2.*M+0.3.*E+0.3.*E+0.2.*I